-1.211185000000000039e-02 -2.581721900000000236e-01 -2.581721900000000236e-01
7.551699999999999949e-04 6.679049999999999744e-03 6.679049999999999744e-03
1.456964999999999996e-02 -3.881180000000000047e-02 -8.555510000000000545e-03
-1.585736999999999911e-02 -8.430139999999999162e-03 -3.956033999999999939e-02
1.456964999999999996e-02 -8.555510000000000545e-03 -3.881180000000000047e-02
-1.585736999999999911e-02 -3.956033999999999939e-02 -8.430139999999999162e-03
5.774299999999999789e-04 -2.362987000000000073e-02 -2.362987000000000073e-02
1.776899999999999877e-04 9.495709999999999221e-03 9.495709999999999221e-03
8.536884000000000139e-02 1.342241100000000076e-01 1.342241100000000076e-01
-7.177292000000000394e-02 1.235014499999999987e-01 1.235014499999999987e-01
-4.433099999999999823e-04 5.070165000000000088e-02 5.010418999999999984e-02
-1.404199999999999871e-04 -8.086489999999999997e-03 -7.362579999999999646e-03
-4.433099999999999823e-04 5.010418999999999984e-02 5.070165000000000088e-02
-1.404199999999999871e-04 -7.362579999999999646e-03 -8.086489999999999997e-03
-1.625375000000000084e-02 8.651610000000000550e-03 8.651610000000000550e-03
1.700228999999999976e-02 9.251149999999999651e-03 9.251149999999999651e-03
