-1.211185000000000039e-02 -2.581721900000000236e-01 -2.581721900000000236e-01
7.551699999999999949e-04 6.679049999999999744e-03 6.679049999999999744e-03
1.456964999999999996e-02 -3.881180000000000047e-02 -8.555510000000000545e-03
-1.585736999999999911e-02 -8.430139999999999162e-03 -3.956033999999999939e-02
1.456964999999999996e-02 -8.555510000000000545e-03 -3.881180000000000047e-02
-1.585736999999999911e-02 -3.956033999999999939e-02 -8.430139999999999162e-03
5.774299999999999789e-04 -2.362987000000000073e-02 -2.362987000000000073e-02
1.776899999999999877e-04 9.495709999999999221e-03 9.495709999999999221e-03
8.536884000000000139e-02 1.342241100000000076e-01 1.342241100000000076e-01
-7.177292000000000394e-02 1.235014499999999987e-01 1.235014499999999987e-01
-4.433099999999999823e-04 5.070165000000000088e-02 5.010418999999999984e-02
-1.404199999999999871e-04 -8.086489999999999997e-03 -7.362579999999999646e-03
-4.433099999999999823e-04 5.010418999999999984e-02 5.070165000000000088e-02
-1.404199999999999871e-04 -7.362579999999999646e-03 -8.086489999999999997e-03
-1.625375000000000084e-02 8.651610000000000550e-03 8.651610000000000550e-03
1.700228999999999976e-02 9.251149999999999651e-03 9.251149999999999651e-03
-2.824583099999999902e-01 -2.824583099999999902e-01 -5.273343900000000417e-01
-3.732343999999999939e-02 2.049153000000000086e-02 -2.726650000000000167e-03
2.049153000000000086e-02 -3.732343999999999939e-02 -2.726650000000000167e-03
-2.486462000000000047e-02 -2.486462000000000047e-02 -7.880969999999999642e-02
5.250020000000000207e-03 5.250020000000000207e-03 -7.628221999999999781e-02
-4.003124999999999739e-02 -3.818740000000000329e-02 -3.265852000000000338e-02
-3.818740000000000329e-02 -4.003124999999999739e-02 -3.265852000000000338e-02
9.940610000000000765e-03 9.940610000000000765e-03 1.934249000000000038e-02
2.321759300000000026e-01 2.321759300000000026e-01 2.790815600000000063e-01
-1.959692999999999852e-02 1.223716499999999985e-01 1.742134899999999986e-01
1.223716499999999985e-01 -1.959692999999999852e-02 1.742134899999999986e-01
-8.355130000000000542e-03 -8.355130000000000542e-03 -1.436705999999999921e-02
4.901232999999999979e-02 4.901232999999999979e-02 1.011109000000000036e-01
8.446499999999999148e-03 -2.346039999999999931e-02 3.079399999999999824e-04
-2.346039999999999931e-02 8.446499999999999148e-03 3.079399999999999824e-04
2.658889999999999865e-02 2.658889999999999865e-02 1.898590000000000000e-02
2.581762400000000013e-01 -2.581762400000000013e-01 1.213580000000000041e-02
3.955692000000000236e-02 -8.423490000000000491e-03 1.584688999999999889e-02
8.559139999999999804e-03 -3.881740000000000190e-02 -1.455297000000000014e-02
-6.701519999999999873e-03 6.701519999999999873e-03 -7.515599999999999668e-04
2.365509999999999835e-02 -2.365509999999999835e-02 -5.867300000000000423e-04
8.423490000000000491e-03 -3.955692000000000236e-02 1.584688999999999889e-02
3.881740000000000190e-02 -8.559139999999999804e-03 -1.455297000000000014e-02
-9.502530000000000351e-03 9.502530000000000351e-03 -1.999500000000000084e-04
-5.008328000000000085e-02 5.068323999999999746e-02 4.408600000000000040e-04
-1.235107299999999991e-01 1.235107299999999991e-01 7.176614000000000604e-02
-1.342302900000000021e-01 1.342302900000000021e-01 -8.532708999999999433e-02
7.352299999999999981e-03 -8.066220000000000681e-03 1.399200000000000021e-04
-5.068323999999999746e-02 5.008328000000000085e-02 4.408600000000000040e-04
-9.253769999999999704e-03 9.253769999999999704e-03 -1.704307999999999865e-02
-8.641460000000000113e-03 8.641460000000000113e-03 1.625706999999999847e-02
8.066220000000000681e-03 -7.352299999999999981e-03 1.399200000000000021e-04
-4.868665999999999966e-02 -5.150637599999999816e-01 -5.150637599999999816e-01
3.017890000000000069e-03 1.318598999999999986e-02 1.318598999999999986e-02
2.792094000000000173e-02 -7.668556999999999457e-02 -1.739742000000000025e-02
-3.310085000000000111e-02 -1.685363000000000139e-02 -7.956728999999999885e-02
2.792094000000000173e-02 -1.739742000000000025e-02 -7.668556999999999457e-02
-3.310085000000000111e-02 -7.956728999999999885e-02 -1.685363000000000139e-02
2.346210000000000049e-03 -4.724323999999999885e-02 -4.724323999999999885e-02
7.141600000000000335e-04 1.931400000000000131e-02 1.931400000000000131e-02
1.855918199999999907e-01 2.792228400000000277e-01 2.792228400000000277e-01
-1.309808600000000045e-01 2.362530100000000133e-01 2.362530100000000133e-01
-1.744370000000000078e-03 1.013089800000000068e-01 9.881284999999999374e-02
-5.978999999999999506e-04 -1.709689000000000000e-02 -1.418703999999999972e-02
-1.744370000000000078e-03 9.881284999999999374e-02 1.013089800000000068e-01
-5.978999999999999506e-04 -1.418703999999999972e-02 -1.709689000000000000e-02
-3.191000000000000086e-02 1.677990000000000037e-02 1.677990000000000037e-02
3.495180999999999982e-02 1.921727999999999978e-02 1.921727999999999978e-02
0.000000000000000000e+00 0.000000000000000000e+00 0.000000000000000000e+00
0.000000000000000000e+00 0.000000000000000000e+00 0.000000000000000000e+00
-0.000000000000000000e+00 0.000000000000000000e+00 0.000000000000000000e+00
0.000000000000000000e+00 0.000000000000000000e+00 0.000000000000000000e+00
0.000000000000000000e+00 0.000000000000000000e+00 0.000000000000000000e+00
0.000000000000000000e+00 0.000000000000000000e+00 0.000000000000000000e+00
0.000000000000000000e+00 0.000000000000000000e+00 0.000000000000000000e+00
0.000000000000000000e+00 0.000000000000000000e+00 0.000000000000000000e+00
-0.000000000000000000e+00 -0.000000000000000000e+00 -0.000000000000000000e+00
-0.000000000000000000e+00 -0.000000000000000000e+00 -0.000000000000000000e+00
0.000000000000000000e+00 -0.000000000000000000e+00 -0.000000000000000000e+00
-0.000000000000000000e+00 -0.000000000000000000e+00 -0.000000000000000000e+00
-0.000000000000000000e+00 -0.000000000000000000e+00 -0.000000000000000000e+00
-0.000000000000000000e+00 -0.000000000000000000e+00 -0.000000000000000000e+00
-0.000000000000000000e+00 -0.000000000000000000e+00 -0.000000000000000000e+00
-0.000000000000000000e+00 -0.000000000000000000e+00 -0.000000000000000000e+00
-5.164048999999999723e-02 -2.428527699999999956e-01 -2.660031800000000057e-01
-2.581159499999999829e-01 -6.221619999999999755e-03 -2.521888500000000199e-01
6.218959999999999939e-03 -5.453113999999999878e-02 -4.770884000000000236e-02
-1.011603999999999975e-02 -7.156840000000000250e-03 -3.285644000000000065e-02
-9.822829999999999409e-03 -7.760719999999999598e-03 -6.275244000000000655e-02
-2.459601999999999969e-02 -2.537947999999999940e-02 -4.687863999999999920e-02
1.000213999999999964e-02 -2.327531000000000044e-02 -1.396698000000000037e-02
-3.950233999999999690e-02 -6.012049999999999686e-03 1.354890000000000087e-03
1.376737500000000114e-01 1.332386600000000088e-01 1.848785799999999868e-01
6.285140999999999645e-02 2.093677600000000139e-01 2.571620700000000204e-01
-8.274550000000000308e-03 5.032778999999999725e-02 4.262319999999999998e-02
1.236432600000000048e-01 -8.052721000000000184e-02 1.155668299999999954e-01
8.458369999999999778e-03 3.365469000000000099e-02 5.907057000000000280e-02
5.018092999999999859e-02 -7.577069999999999986e-03 4.271803999999999879e-02
-7.019339999999999781e-03 2.581160000000000052e-02 1.766662000000000093e-02
1.005872000000000016e-02 8.893710000000000851e-03 1.314569999999999931e-03
2.818717000000000097e-02 -2.747567799999999782e-01 -2.504087300000000238e-01
2.596917499999999990e-01 -4.711370000000000315e-03 2.655434899999999931e-01
2.300889999999999880e-02 -2.422993999999999842e-02 2.983933999999999892e-02
-2.169696999999999945e-02 -8.153399999999999884e-03 -4.619373999999999703e-02
3.893272999999999873e-02 -8.247950000000000420e-03 -1.481517000000000077e-02
-7.325739999999999856e-03 -5.502337999999999674e-02 3.070064000000000126e-02
-8.882400000000000365e-03 -2.359982999999999873e-02 -3.336468000000000073e-02
3.901132999999999684e-02 2.377541000000000029e-02 1.775637000000000049e-02
3.373871999999999982e-02 1.343019000000000018e-01 8.300158000000000535e-02
-1.956476799999999905e-01 5.105322000000000332e-02 6.118900000000000250e-04
6.718990000000000205e-03 5.076438999999999951e-02 5.818415999999999866e-02
-1.345926899999999871e-01 7.804294999999999982e-02 -1.410043300000000110e-01
-9.953850000000000198e-03 6.715179999999999760e-02 4.165042000000000050e-02
-5.101694999999999841e-02 -8.013720000000000218e-03 -5.817036999999999902e-02
-2.485711000000000170e-02 -7.751039999999999840e-03 2.371399999999999962e-04
2.468379000000000059e-02 9.397749999999999854e-03 1.643199000000000048e-02
-1.278472999999999936e-02 -2.515770600000000190e-01 -2.515770600000000190e-01
-1.278472999999999936e-02 -2.515770600000000190e-01 -2.515770600000000190e-01
-2.118500000000000157e-03 -4.700431000000000054e-02 -4.808981999999999840e-02
-2.118500000000000157e-03 -4.700431000000000054e-02 -4.808981999999999840e-02
-2.118500000000000157e-03 -4.808981999999999840e-02 -4.700431000000000054e-02
-2.118500000000000157e-03 -4.808981999999999840e-02 -4.700431000000000054e-02
6.072599999999999830e-04 -1.420336999999999988e-02 -1.420336999999999988e-02
6.072599999999999830e-04 -1.420336999999999988e-02 -1.420336999999999988e-02
1.566394000000000120e-02 2.579213899999999726e-01 2.579213899999999726e-01
1.566394000000000120e-02 2.579213899999999726e-01 2.579213899999999726e-01
-1.865100000000000015e-04 4.228690000000000226e-02 4.271420000000000078e-02
-1.865100000000000015e-04 4.228690000000000226e-02 4.271420000000000078e-02
-1.865100000000000015e-04 4.271420000000000078e-02 4.228690000000000226e-02
-1.865100000000000015e-04 4.271420000000000078e-02 4.228690000000000226e-02
1.123539999999999912e-03 1.795207000000000053e-02 1.795207000000000053e-02
1.123539999999999912e-03 1.795207000000000053e-02 1.795207000000000053e-02
-9.936499999999999153e-03 -2.647839900000000246e-01 -2.647839900000000246e-01
-9.936499999999999153e-03 2.647839900000000246e-01 2.647839900000000246e-01
3.002424000000000065e-02 -3.034645000000000051e-02 3.034645000000000051e-02
-3.088967000000000102e-02 3.099050999999999889e-02 -3.099050999999999889e-02
3.002424000000000065e-02 3.034645000000000051e-02 -3.034645000000000051e-02
-3.088967000000000102e-02 -3.099050999999999889e-02 3.099050999999999889e-02
9.302699999999999685e-04 -3.318307999999999675e-02 -3.318307999999999675e-02
9.302699999999999685e-04 3.318307999999999675e-02 3.318307999999999675e-02
1.689049999999999996e-01 0.000000000000000000e+00 -0.000000000000000000e+00
-1.458161500000000055e-01 0.000000000000000000e+00 -0.000000000000000000e+00
-1.023330000000000030e-03 5.807910000000000156e-02 5.786986999999999687e-02
-1.023330000000000030e-03 -5.786986999999999687e-02 -5.807910000000000156e-02
-1.023330000000000030e-03 5.786986999999999687e-02 5.807910000000000156e-02
-1.023330000000000030e-03 -5.807910000000000156e-02 -5.786986999999999687e-02
-3.292606000000000005e-02 -0.000000000000000000e+00 -0.000000000000000000e+00
3.367387000000000158e-02 0.000000000000000000e+00 -0.000000000000000000e+00
2.485799999999999815e-03 -2.964849199999999851e-01 -2.667670100000000266e-01
-1.486471999999999967e-02 -2.050890000000000091e-03 -3.255476000000000203e-02
2.485799999999999815e-03 -2.964849199999999851e-01 -2.667670100000000266e-01
-1.486471999999999967e-02 -2.050890000000000091e-03 -3.255476000000000203e-02
1.507793999999999975e-02 -3.200999999999999679e-02 -6.242700999999999806e-02
-1.532604000000000084e-02 -3.017388999999999835e-02 1.178470000000000038e-03
1.507793999999999975e-02 -3.200999999999999679e-02 -6.242700999999999806e-02
-1.532604000000000084e-02 -3.017388999999999835e-02 1.178470000000000038e-03
8.475546999999999942e-02 1.848217199999999949e-01 1.845174199999999876e-01
-7.230620999999999576e-02 1.153102800000000011e-01 1.157553600000000016e-01
8.475546999999999942e-02 1.848217199999999949e-01 1.845174199999999876e-01
-7.230620999999999576e-02 1.153102800000000011e-01 1.157553600000000016e-01
-1.652498000000000161e-02 5.848754999999999926e-02 5.905801000000000106e-02
1.670274000000000064e-02 2.100139999999999906e-03 1.239529999999999972e-03
-1.652498000000000161e-02 5.848754999999999926e-02 5.905801000000000106e-02
1.670274000000000064e-02 2.100139999999999906e-03 1.239529999999999972e-03
-2.784781999999999882e-02 -2.193605299999999980e-01 -2.497524100000000080e-01
1.509334000000000023e-02 1.550271999999999935e-02 4.523939999999999906e-02
2.315329999999999992e-03 2.189503700000000053e-01 2.496149099999999954e-01
-1.539433999999999941e-02 -1.482169000000000021e-02 -4.647733999999999893e-02
1.515485999999999916e-02 1.480127000000000005e-02 -1.520256000000000038e-02
-1.603817999999999910e-02 -4.891062999999999661e-02 -1.797773000000000079e-02
-1.518129000000000006e-02 -1.547129000000000039e-02 1.587707000000000007e-02
1.436485000000000019e-02 4.839133999999999797e-02 1.788427999999999893e-02
8.524943000000000104e-02 8.427908000000000621e-02 8.335990000000000066e-02
-7.155119000000000062e-02 1.310457800000000006e-01 1.319737199999999888e-01
-7.201607000000000147e-02 -7.263619000000000325e-02 -7.364779000000000464e-02
8.559316000000000146e-02 -1.421246200000000071e-01 -1.411171300000000073e-01
1.632230000000000139e-02 4.114141000000000326e-02 4.167598000000000136e-02
-1.629444999999999852e-02 -1.620235000000000078e-02 -1.676932999999999896e-02
-1.677029999999999840e-02 -4.176201000000000219e-02 -4.125221999999999917e-02
1.700035000000000088e-02 1.717735999999999916e-02 1.657126000000000085e-02
-6.187680000000000090e-03 -2.581002499999999755e-01 -2.521662100000000017e-01
-7.173070000000000140e-03 -1.014240999999999927e-02 -3.287215000000000276e-02
-2.428275900000000098e-01 -5.164105000000000084e-02 -2.659968300000000174e-01
-5.454285999999999857e-02 6.211399999999999734e-03 -4.770148999999999917e-02
-2.537307999999999925e-02 -2.458462000000000147e-02 -4.688628999999999714e-02
-6.025830000000000249e-03 -3.950591999999999993e-02 1.347220000000000101e-03
-7.742920000000000358e-03 -9.808449999999999808e-03 -6.273707000000000589e-02
-2.332011000000000153e-02 9.997249999999999193e-03 -1.398987999999999968e-02
2.093851999999999935e-01 6.284929999999999684e-02 2.571627000000000218e-01
-8.051497999999999988e-02 1.236129100000000064e-01 1.155677199999999988e-01
1.332621800000000079e-01 1.376928299999999883e-01 1.849030000000000118e-01
5.030674999999999730e-02 -8.283509999999999138e-03 4.260201999999999739e-02
-7.563099999999999684e-03 5.019644999999999663e-02 4.273831000000000158e-02
8.878870000000000512e-03 1.003410000000000066e-02 1.293150000000000072e-03
3.365089000000000274e-02 8.480500000000000191e-03 5.907518999999999965e-02
2.578735000000000055e-02 -7.008549999999999676e-03 1.766059000000000032e-02
-1.812278000000000153e-02 -2.567498799999999859e-01 -2.640995899999999952e-01
8.742869999999999808e-03 2.227517999999999859e-02 4.550867000000000107e-02
2.719867400000000046e-01 -5.020912999999999765e-02 2.488225400000000087e-01
2.350059999999999996e-02 -2.429798000000000027e-02 -3.146838999999999886e-02
5.375723000000000307e-02 6.187269999999999923e-03 -3.060997000000000023e-02
-2.571135999999999908e-02 -3.923742999999999675e-02 -1.826639999999999861e-02
8.753649999999999973e-03 -3.881711999999999663e-02 1.609560999999999978e-02
2.369235999999999912e-02 1.020842999999999924e-02 3.303905000000000036e-02
-4.931359999999999910e-02 2.192367600000000027e-01 5.331900000000000094e-04
-6.379898000000000513e-02 1.231333700000000059e-01 1.320978399999999942e-01
-1.232894100000000021e-01 -2.290705000000000172e-02 -7.397832000000000019e-02
-4.987753999999999799e-02 -8.729300000000000601e-03 -5.781823999999999991e-02
7.324999999999999914e-03 4.965786999999999979e-02 5.783338999999999841e-02
-8.570160000000000278e-03 -2.405424000000000104e-02 -1.686164000000000066e-02
-6.667288000000000381e-02 8.013990000000000349e-03 -4.106773999999999841e-02
7.598240000000000029e-03 2.628927000000000000e-02 2.400100000000000009e-04
-2.013730000000000034e-02 -2.969125300000000078e-01 -2.440523199999999893e-01
-2.289971999999999841e-02 -1.791680999999999829e-02 7.449779999999999597e-03
-2.440523199999999893e-01 -2.969125300000000078e-01 -2.013730000000000034e-02
-5.447811999999999794e-02 -1.716758000000000173e-02 -2.485742000000000160e-02
-2.485742000000000160e-02 -1.716758000000000173e-02 -5.447811999999999794e-02
-6.278109999999999941e-03 -3.007473999999999911e-02 -7.832560000000000563e-03
7.449779999999999597e-03 -1.791680999999999829e-02 -2.289971999999999841e-02
-7.832560000000000563e-03 -3.007473999999999911e-02 -6.278109999999999941e-03
1.359468500000000080e-01 1.852855099999999866e-01 1.332387499999999891e-01
-6.331791999999999976e-02 1.322222899999999923e-01 1.065765699999999955e-01
1.332387499999999891e-01 1.852855099999999866e-01 1.359468500000000080e-01
5.042710000000000248e-02 4.258702000000000321e-02 -7.738090000000000419e-03
-7.738090000000000419e-03 4.258702000000000321e-02 5.042710000000000248e-02
8.875640000000000612e-03 1.976850000000000048e-03 9.076860000000000830e-03
1.065765699999999955e-01 1.322222899999999923e-01 -6.331791999999999976e-02
9.076860000000000830e-03 1.976850000000000048e-03 8.875640000000000612e-03
-4.229980000000000372e-03 -2.187801400000000118e-01 -2.734571299999999927e-01
2.447507999999999975e-02 3.138900000000000023e-02 7.039179999999999916e-03
2.733562999999999965e-01 2.195504100000000014e-01 -2.130744000000000041e-02
2.351709000000000091e-02 2.129800000000000107e-04 -5.551637999999999712e-02
5.320823000000000219e-02 1.409600000000000056e-04 -2.435928999999999872e-02
-2.547280999999999851e-02 -4.907451000000000174e-02 -8.699719999999999329e-03
-6.314649999999999777e-03 -2.948250999999999997e-02 -2.294743999999999950e-02
8.289269999999999625e-03 4.824010000000000103e-02 2.410040999999999919e-02
3.428476999999999913e-02 8.386580000000000423e-02 1.343541900000000122e-01
-8.084705999999999837e-02 1.141588699999999956e-01 1.411246800000000023e-01
-1.233245300000000017e-01 -7.321268999999999694e-02 -2.239363000000000117e-02
-5.007923000000000235e-02 -5.928027000000000296e-02 -7.743090000000000216e-03
7.439229999999999801e-03 5.674052999999999736e-02 5.060165999999999970e-02
-8.569320000000000062e-03 -1.604763999999999843e-02 -2.444150999999999962e-02
-1.498712299999999942e-01 -1.256952199999999964e-01 9.428454000000000002e-02
2.413884999999999989e-02 1.727433000000000093e-02 9.360969999999999708e-03
-2.797140999999999864e-02 -2.666576199999999841e-01 -2.983973100000000267e-01
1.558745999999999916e-02 -3.232505000000000100e-02 -1.594399999999999941e-03
1.558745999999999916e-02 -3.232505000000000100e-02 -1.594399999999999941e-03
-2.797140999999999864e-02 -2.666576199999999841e-01 -2.983973100000000267e-01
1.508197000000000010e-02 8.313500000000000143e-04 -2.917165999999999856e-02
-1.534071000000000046e-02 -6.321865999999999597e-02 -3.242571000000000342e-02
-1.534071000000000046e-02 -6.321865999999999597e-02 -3.242571000000000342e-02
1.508197000000000010e-02 8.313500000000000143e-04 -2.917165999999999856e-02
8.490027999999999464e-02 1.265963999999999978e-01 1.271027200000000024e-01
-7.245503000000000360e-02 1.739747899999999903e-01 1.737896600000000125e-01
-7.245503000000000360e-02 1.739747899999999903e-01 1.737896600000000125e-01
8.490027999999999464e-02 1.265963999999999978e-01 1.271027200000000024e-01
1.673733999999999986e-02 5.954547000000000312e-02 6.029956999999999678e-02
-1.653989999999999974e-02 1.253320000000000042e-03 3.971199999999999925e-04
-1.653989999999999974e-02 1.253320000000000042e-03 3.971199999999999925e-04
1.673733999999999986e-02 5.954547000000000312e-02 6.029956999999999678e-02
2.316690000000000155e-03 -2.496199299999999899e-01 -2.189358299999999979e-01
-1.538921000000000039e-02 4.648026999999999714e-02 1.484232000000000086e-02
1.512687000000000059e-02 -4.524402000000000285e-02 -1.553546999999999914e-02
-2.785750000000000032e-02 2.497876400000000052e-01 2.193845799999999957e-01
1.437085999999999919e-02 -1.790684000000000026e-02 -4.841576000000000213e-02
-1.520425000000000075e-02 -1.588730000000000003e-02 1.549637000000000063e-02
1.513740000000000051e-02 1.520866000000000058e-02 -1.480313999999999935e-02
-1.603409999999999905e-02 1.798049999999999995e-02 4.889153000000000249e-02
8.561180000000000179e-02 1.411007900000000037e-01 1.421098100000000031e-01
-7.202687000000000672e-02 7.366027999999999465e-02 7.267548000000000064e-02
8.524287999999999310e-02 -8.335417999999999994e-02 -8.427845999999999949e-02
-7.154017999999999489e-02 -1.319512200000000079e-01 -1.310426299999999933e-01
-1.679577999999999974e-02 4.123869000000000146e-02 4.177414000000000127e-02
1.700172000000000141e-02 -1.658445000000000058e-02 -1.718594000000000024e-02
-1.627375000000000002e-02 1.676151999999999850e-02 1.616657000000000163e-02
1.631343000000000029e-02 -4.167041999999999968e-02 -4.114359000000000072e-02
-1.980130000000000084e-02 -2.747671199999999758e-01 -2.991376600000000274e-01
7.176809999999999613e-03 7.176809999999999613e-03 1.274759999999999956e-02
-2.403127999999999861e-02 -2.403127999999999861e-02 -1.668149999999999841e-02
-2.747671199999999758e-01 -1.980130000000000084e-02 -2.991376600000000274e-01
2.410332999999999920e-02 -8.203139999999999391e-03 -2.922838999999999993e-02
-5.503410999999999720e-02 -5.503410999999999720e-02 -1.732204000000000035e-02
-2.337878999999999999e-02 -2.337878999999999999e-02 -4.828417000000000125e-02
-8.203139999999999391e-03 2.410332999999999920e-02 -2.922838999999999993e-02
7.763483999999999663e-02 1.340039899999999895e-01 1.272862399999999949e-01
5.088651000000000285e-02 5.088651000000000285e-02 2.475513400000000086e-01
5.060647000000000062e-02 5.060647000000000062e-02 1.020478300000000060e-01
1.340039899999999895e-01 7.763483999999999663e-02 1.272862399999999949e-01
8.747359999999999164e-03 6.737883999999999540e-02 6.050333000000000100e-02
-7.406939999999999878e-03 -7.406939999999999878e-03 -1.597646999999999956e-02
-7.915470000000000839e-03 -7.915470000000000839e-03 1.707035999999999970e-02
6.737883999999999540e-02 8.747359999999999164e-03 6.050333000000000100e-02
-4.364100000000000097e-03 -2.429237900000000006e-01 -2.181988800000000117e-01
-5.699229999999999574e-03 7.716719999999999829e-03 6.550599999999999522e-04
5.396640999999999938e-02 -5.480269000000000112e-02 -4.925300000000000294e-04
2.430910900000000097e-01 -2.116824999999999957e-02 2.200620199999999971e-01
5.024299999999999773e-03 -8.567160000000000747e-03 -4.835525999999999713e-02
2.261691000000000049e-02 -2.536240000000000022e-02 5.377700000000000232e-04
2.450329999999999869e-02 -2.268699000000000063e-02 9.628500000000000123e-04
8.376800000000000218e-03 -6.411440000000000021e-03 4.901909000000000127e-02
9.240418000000000243e-02 1.341355100000000133e-01 1.419174800000000125e-01
-2.051947799999999933e-01 2.096231000000000066e-01 -1.121259999999999965e-02
-5.078417999999999821e-02 4.984707000000000027e-02 -2.432440000000000123e-03
-1.234946799999999956e-01 -8.017425000000000246e-02 -1.312719599999999931e-01
-8.962219999999999909e-03 3.358711000000000335e-02 4.157128000000000212e-02
7.825300000000000311e-03 -7.623729999999999569e-03 -9.463199999999999520e-04
-2.523579999999999920e-02 2.594275000000000053e-02 -4.219299999999999939e-04
-3.407331000000000248e-02 8.868449999999999944e-03 -4.139363000000000070e-02
-3.641612999999999795e-02 -2.824942200000000181e-01 -2.582418699999999845e-01
-7.570490000000000032e-03 -3.217628000000000155e-02 2.058747000000000008e-02
-2.412047999999999970e-02 -4.743238000000000315e-02 6.134999999999999828e-03
-2.734009600000000262e-01 -2.660275899999999805e-01 -5.221898999999999985e-02
2.443576000000000081e-02 1.256249999999999988e-03 -3.843947999999999809e-02
-5.557136000000000020e-02 -4.784801000000000332e-02 -2.478384000000000142e-02
-8.130389999999999492e-03 -6.319482999999999351e-02 -4.081736999999999865e-02
6.747450000000000322e-03 1.616309999999999969e-02 1.043317000000000029e-02
9.392862000000000433e-02 1.427245299999999884e-01 1.182222400000000062e-01
-2.257239000000000120e-02 1.733304900000000037e-01 1.236185199999999956e-01
5.060516999999999793e-02 1.010429500000000064e-01 5.016070999999999724e-02
1.338190400000000002e-01 1.267143900000000101e-01 7.884799000000000668e-02
8.945919999999999567e-03 5.945980000000000015e-02 6.860916000000000237e-02
-7.421060000000000156e-03 -1.530475000000000065e-02 -8.362500000000000142e-03
-2.460220000000000115e-02 1.014329999999999919e-03 8.366210000000000660e-03
1.413234999999999908e-01 1.327722000000000069e-01 -6.211640999999999690e-02
1.206019000000000015e-02 -2.338437800000000011e-01 -2.569739699999999960e-01
8.865100000000000757e-03 4.626863999999999977e-02 -8.466579999999999592e-03
5.402491999999999711e-02 -3.025407999999999917e-02 -2.452466999999999842e-02
2.417314700000000038e-01 2.491763200000000067e-01 -5.088808000000000220e-02
4.736650000000000235e-03 -1.835867000000000054e-02 -3.881265999999999883e-02
2.315477999999999981e-02 -3.112424000000000093e-02 6.584030000000000264e-03
9.360669999999999755e-03 1.525909999999999940e-02 -7.832979999999999804e-03
-6.434020000000000364e-03 2.881620000000000101e-03 1.012367999999999948e-02
7.628379000000000409e-02 1.250887599999999933e-01 1.508809500000000137e-01
-1.216312100000000035e-01 7.419683000000000528e-02 1.225130299999999950e-01
-5.077745000000000175e-02 -3.875899999999999940e-04 4.913506000000000123e-02
-1.233457599999999987e-01 -1.321052100000000007e-01 -7.994835000000000136e-02
-9.130859999999999324e-03 4.130959000000000020e-02 3.346310000000000257e-02
7.792130000000000410e-03 -1.184399999999999976e-04 -8.062949999999999284e-03
-8.616989999999999719e-03 1.700720999999999830e-02 8.653459999999999971e-03
-1.180734199999999984e-01 -1.249960799999999955e-01 9.415692999999999979e-02
-5.222302999999999668e-02 -2.734069199999999977e-01 -2.660054399999999819e-01
1.043274999999999932e-02 6.745430000000000176e-03 1.613822999999999994e-02
6.156479999999999765e-03 -2.413358999999999990e-02 -4.744095999999999730e-02
-4.080719000000000013e-02 -8.122759999999999703e-03 -6.321092999999999851e-02
2.056594000000000130e-02 -7.577050000000000105e-03 -3.218280999999999920e-02
-2.479253999999999833e-02 -5.557076999999999850e-02 -4.783311999999999981e-02
-2.582431299999999874e-01 -3.641044999999999698e-02 -2.824638700000000058e-01
-3.843558999999999864e-02 2.445011999999999880e-02 1.244080000000000056e-03
7.884433000000000413e-02 1.338016499999999942e-01 1.266934200000000010e-01
-6.210703000000000057e-02 1.413079799999999997e-01 1.327729099999999940e-01
5.016555999999999793e-02 5.060664000000000134e-02 1.010548799999999997e-01
8.387800000000000811e-03 -2.459727000000000094e-02 9.846699999999999897e-04
1.235975899999999933e-01 -2.256450999999999943e-02 1.733702799999999877e-01
-8.373649999999999843e-03 -7.418799999999999700e-03 -1.531535000000000014e-02
1.182238199999999934e-01 9.393476000000000603e-02 1.427291499999999991e-01
6.860790999999999418e-02 8.955529999999999741e-03 5.946486000000000133e-02
2.712969999999999965e-02 -2.442029199999999900e-01 -2.501815399999999801e-01
-8.895540000000000391e-03 6.902359999999999746e-03 -2.744869999999999949e-03
2.288089999999999916e-02 -5.473698999999999926e-02 3.112401000000000056e-02
8.991539999999999255e-03 -7.526180000000000370e-03 -1.589749000000000023e-02
8.524210000000000814e-03 -8.044120000000000090e-03 -4.546403000000000250e-02
-6.887640000000000429e-03 -2.483590000000000103e-02 3.026337000000000124e-02
2.592657400000000223e-01 -3.508975000000000288e-02 2.350237900000000102e-01
3.957088999999999746e-02 -6.657449999999999653e-03 1.755274999999999891e-02
9.270557000000000103e-02 1.343041100000000043e-01 1.411158000000000134e-01
-8.069179999999999409e-02 1.064882399999999979e-01 1.149051199999999995e-01
-5.159232999999999875e-02 4.986784999999999829e-02 -2.917400000000000223e-04
-9.306649999999999645e-03 9.226609999999999673e-03 -1.632801999999999865e-02
-1.350919399999999937e-01 1.361776100000000045e-01 -8.275303999999999993e-02
7.305029999999999683e-03 -7.625329999999999608e-03 -1.143700000000000044e-04
-1.399711399999999939e-01 -6.297305000000000264e-02 -1.146452099999999974e-01
-3.393654000000000115e-02 8.724920000000000592e-03 -4.156453999999999704e-02
-1.269757999999999998e-02 -2.818877900000000269e-01 -2.818877900000000269e-01
1.249040000000000089e-03 1.625980000000000134e-02 1.625980000000000134e-02
2.813113000000000072e-02 -4.719046999999999825e-02 -4.719046999999999825e-02
-3.295344000000000051e-02 -4.813185999999999853e-02 -4.813185999999999853e-02
2.813113000000000072e-02 -4.719046999999999825e-02 -4.719046999999999825e-02
-3.295344000000000051e-02 -4.813185999999999853e-02 -4.813185999999999853e-02
-1.269757999999999998e-02 -2.818877900000000269e-01 -2.818877900000000269e-01
1.249040000000000089e-03 1.625980000000000134e-02 1.625980000000000134e-02
7.035536000000000567e-02 1.426339100000000026e-01 1.426339100000000026e-01
-5.366847000000000284e-02 1.330636699999999950e-01 1.330636699999999950e-01
1.280499999999999954e-04 1.006442500000000045e-01 1.006442500000000045e-01
-5.440900000000000033e-04 -1.539150000000000067e-02 -1.539150000000000067e-02
1.280499999999999954e-04 1.006442500000000045e-01 1.006442500000000045e-01
-5.440900000000000033e-04 -1.539150000000000067e-02 -1.539150000000000067e-02
7.035536000000000567e-02 1.426339100000000026e-01 1.426339100000000026e-01
-5.366847000000000284e-02 1.330636699999999950e-01 1.330636699999999950e-01
-1.039983000000000053e-02 -2.346052499999999874e-01 -2.346052499999999874e-01
6.127300000000000238e-04 -2.801820000000000005e-03 -2.801820000000000005e-03
-1.414800000000000074e-04 -3.038000000000000075e-02 3.070789000000000157e-02
-1.414800000000000074e-04 3.038000000000000075e-02 -3.070789000000000157e-02
-1.414800000000000074e-04 3.070789000000000157e-02 -3.038000000000000075e-02
-1.414800000000000074e-04 -3.070789000000000157e-02 3.038000000000000075e-02
-1.039983000000000053e-02 2.346052499999999874e-01 2.346052499999999874e-01
6.127300000000000238e-04 2.801820000000000005e-03 2.801820000000000005e-03
1.014227899999999988e-01 1.252994799999999909e-01 1.252994799999999909e-01
-8.938754000000000144e-02 1.146485899999999947e-01 1.146485899999999947e-01
-1.915730000000000037e-03 -0.000000000000000000e+00 -0.000000000000000000e+00
-4.945999999999999740e-05 0.000000000000000000e+00 -0.000000000000000000e+00
-1.915730000000000037e-03 0.000000000000000000e+00 -0.000000000000000000e+00
-4.945999999999999740e-05 0.000000000000000000e+00 -0.000000000000000000e+00
-8.938754000000000144e-02 -1.146485899999999947e-01 -1.146485899999999947e-01
1.014227899999999988e-01 -1.252994799999999909e-01 -1.252994799999999909e-01
-2.365690000000000154e-03 -2.576796700000000273e-01 -2.483349300000000093e-01
-3.847368000000000315e-02 -9.263479999999999284e-03 -1.869049999999999922e-03
-8.912579999999999808e-03 -3.788472999999999841e-02 -3.200457999999999775e-02
-2.447563000000000169e-02 6.244569999999999635e-03 -7.804415000000000657e-02
6.244569999999999635e-03 -2.447563000000000169e-02 -7.804415000000000657e-02
-9.263479999999999284e-03 -3.847368000000000315e-02 -1.869049999999999922e-03
-3.788472999999999841e-02 -8.912579999999999808e-03 -3.200457999999999775e-02
-2.576796700000000273e-01 -2.365690000000000154e-03 -2.483349300000000093e-01
9.449217000000000033e-02 1.511961900000000081e-01 1.435851999999999962e-01
-7.912159000000000553e-02 1.231036799999999931e-01 1.150471700000000042e-01
7.982279999999999584e-03 3.427888999999999936e-02 5.822643999999999737e-02
4.966434000000000126e-02 -8.785070000000000726e-03 4.339388999999999746e-02
-8.785070000000000726e-03 4.966434000000000126e-02 4.339388999999999746e-02
1.231036799999999931e-01 -7.912159000000000553e-02 1.150471700000000042e-01
3.427888999999999936e-02 7.982279999999999584e-03 5.822643999999999737e-02
1.511961900000000081e-01 9.449217000000000033e-02 1.435851999999999962e-01
-2.179640999999999870e-02 -2.581878899999999755e-01 -2.678849099999999761e-01
3.921343000000000051e-02 2.131900000000000114e-02 1.533356999999999949e-02
3.810965000000000186e-02 -3.851712999999999665e-02 1.496075000000000009e-02
-7.311899999999999650e-03 -2.442389999999999839e-02 -3.149000000000000106e-04
2.295236000000000151e-02 6.068679999999999908e-03 -3.172000000000000123e-04
-2.245865999999999835e-02 -3.910920999999999842e-02 -1.505590000000000053e-02
3.981981999999999883e-02 -3.966217999999999827e-02 -1.535947000000000007e-02
2.581798299999999990e-01 -2.751920000000000147e-03 2.675438199999999878e-01
7.684821999999999487e-02 1.179347599999999996e-01 1.254513100000000103e-01
-6.382442000000000670e-02 1.236049099999999984e-01 1.312290399999999913e-01
-9.433360000000000009e-03 6.782755000000000034e-02 4.132833000000000340e-02
-5.052141000000000270e-02 -8.306159999999999932e-03 -5.760313000000000239e-02
7.194950000000000304e-03 5.010272999999999810e-02 5.856756999999999935e-02
-1.341862900000000136e-01 7.802265999999999369e-02 -1.419570199999999893e-01
-6.628166000000000613e-02 8.442869999999999889e-03 -4.150819000000000036e-02
-1.065041399999999971e-01 -6.236475999999999825e-02 -1.144136600000000004e-01
-1.159240999999999917e-02 -2.483939500000000022e-01 -2.483939500000000022e-01
1.954089999999999907e-03 -1.691232999999999972e-02 -1.691232999999999972e-02
-1.241439999999999905e-03 -7.837795000000000178e-02 -1.696073000000000025e-02
-1.241439999999999905e-03 -1.696073000000000025e-02 -7.837795000000000178e-02
-1.241439999999999905e-03 -1.696073000000000025e-02 -7.837795000000000178e-02
-1.241439999999999905e-03 -7.837795000000000178e-02 -1.696073000000000025e-02
1.954089999999999907e-03 -1.691232999999999972e-02 -1.691232999999999972e-02
-1.159240999999999917e-02 -2.483939500000000022e-01 -2.483939500000000022e-01
1.022781900000000049e-01 1.437916099999999864e-01 1.437916099999999864e-01
-8.806772000000000211e-02 1.317199500000000023e-01 1.317199500000000023e-01
-1.044629999999999951e-03 4.364973999999999937e-02 4.148365999999999859e-02
-1.044629999999999951e-03 4.148365999999999859e-02 4.364973999999999937e-02
-1.044629999999999951e-03 4.148365999999999859e-02 4.364973999999999937e-02
-1.044629999999999951e-03 4.364973999999999937e-02 4.148365999999999859e-02
-8.806772000000000211e-02 1.317199500000000023e-01 1.317199500000000023e-01
1.022781900000000049e-01 1.437916099999999864e-01 1.437916099999999864e-01
-1.229775999999999959e-02 -2.678283799999999770e-01 -2.678283799999999770e-01
6.999600000000000136e-04 3.043351000000000042e-02 3.043351000000000042e-02
2.916724000000000053e-02 -0.000000000000000000e+00 0.000000000000000000e+00
-3.188570999999999767e-02 -0.000000000000000000e+00 0.000000000000000000e+00
2.916724000000000053e-02 -0.000000000000000000e+00 -0.000000000000000000e+00
-3.188570999999999767e-02 -0.000000000000000000e+00 0.000000000000000000e+00
6.999600000000000136e-04 -3.043351000000000042e-02 -3.043351000000000042e-02
-1.229775999999999959e-02 2.678283799999999770e-01 2.678283799999999770e-01
6.927954999999999530e-02 1.252249000000000001e-01 1.252249000000000001e-01
-5.476919000000000232e-02 1.146398200000000034e-01 1.146398200000000034e-01
-9.704000000000000603e-05 5.826573000000000169e-02 5.778561000000000114e-02
-9.704000000000000603e-05 -5.826573000000000169e-02 -5.778561000000000114e-02
-9.704000000000000603e-05 5.778561000000000114e-02 5.826573000000000169e-02
-9.704000000000000603e-05 -5.778561000000000114e-02 -5.826573000000000169e-02
6.927954999999999530e-02 -1.252249000000000001e-01 -1.252249000000000001e-01
-5.476919000000000232e-02 -1.146398200000000034e-01 -1.146398200000000034e-01
1.220871600000000001e-01 -1.734603000000000117e-01 -1.233073900000000028e-01
5.149460000000000148e-02 7.530010000000000175e-03 5.893904999999999977e-02
1.487988199999999983e-01 -1.240825200000000017e-01 1.256721699999999997e-01
-2.270263000000000142e-02 -8.683289999999999759e-03 -4.739117999999999803e-02
6.628369000000000621e-02 -8.324619999999999589e-03 1.111768999999999952e-02
-6.687689999999999607e-03 -5.622354000000000240e-02 5.948900000000000455e-04
-7.017820000000000134e-03 -2.345001999999999850e-02 -3.016521999999999953e-02
8.575309999999999183e-03 2.586681000000000050e-02 1.831883000000000122e-02
-1.857074900000000028e-01 1.354699099999999989e-01 -1.353254000000000123e-01
-1.112600100000000064e-01 1.393672599999999928e-01 1.151055799999999990e-01
5.827760000000000405e-03 4.931388999999999911e-02 5.520268999999999870e-02
-8.289420000000000469e-03 -2.317432999999999993e-02 -4.635120000000000212e-02
-8.649830000000000713e-03 6.479873999999999357e-02 1.134809999999999985e-02
-2.390741999999999867e-02 -8.386690000000000464e-03 -3.259804000000000174e-02
-5.531600999999999879e-02 -5.829359999999999577e-03 3.176100000000000169e-04
2.647098000000000159e-02 9.268049999999999899e-03 1.852182000000000134e-02
-1.579073300000000124e-01 -3.572487799999999880e-01 -4.042657199999999951e-01
-5.054568000000000255e-02 6.642630000000000062e-03 -4.489920000000000022e-02
-1.088801499999999950e-01 3.313500999999999946e-02 -1.320452900000000096e-01
-8.370390000000000122e-03 -7.970869999999999692e-03 -3.232855999999999924e-02
-3.652650999999999815e-02 -7.967379999999999601e-03 -8.920682000000000611e-02
-2.449621000000000090e-02 -2.353208999999999856e-02 -1.690037000000000136e-02
7.521439999999999897e-03 -2.363743000000000094e-02 -1.645523999999999945e-02
-8.902270000000000322e-03 -7.528199999999999649e-03 9.059999999999999654e-06
3.572487799999999880e-01 1.579073300000000124e-01 4.042657199999999951e-01
-3.313500999999999946e-02 1.088801499999999950e-01 1.320452900000000096e-01
-6.642630000000000062e-03 5.054568000000000255e-02 4.489920000000000022e-02
7.970869999999999692e-03 8.370390000000000122e-03 3.232855999999999924e-02
7.967379999999999601e-03 3.652650999999999815e-02 8.920682000000000611e-02
2.363743000000000094e-02 -7.521439999999999897e-03 1.645523999999999945e-02
2.353208999999999856e-02 2.449621000000000090e-02 1.690037000000000136e-02
7.528199999999999649e-03 8.902270000000000322e-03 -9.059999999999999654e-06
7.111491000000000340e-02 -1.241866100000000028e-01 -1.241866100000000028e-01
-8.467180000000000539e-02 1.409304200000000007e-01 1.409304200000000007e-01
1.473023000000000041e-02 1.136287000000000061e-02 4.218742000000000325e-02
-1.582379999999999898e-02 -1.554065999999999954e-02 -4.714138999999999829e-02
1.473023000000000041e-02 4.218742000000000325e-02 1.136287000000000061e-02
-1.582379999999999898e-02 -4.714138999999999829e-02 -1.554065999999999954e-02
-1.589263999999999954e-02 -1.468572999999999927e-02 -1.468572999999999927e-02
1.620759000000000088e-02 1.846267000000000047e-02 1.846267000000000047e-02
8.608345000000000580e-02 -1.348932800000000043e-01 -1.348932800000000043e-01
-7.255280999999999536e-02 1.302521000000000095e-01 1.302521000000000095e-01
1.565170999999999923e-02 1.121037000000000075e-02 4.172842000000000218e-02
-1.455929000000000077e-02 -1.676029999999999881e-02 -4.652053999999999911e-02
1.565170999999999923e-02 4.172842000000000218e-02 1.121037000000000075e-02
-1.455929000000000077e-02 -4.652053999999999911e-02 -1.676029999999999881e-02
-1.731304999999999997e-02 -1.476184999999999997e-02 -1.476184999999999997e-02
1.702663999999999914e-02 1.835608000000000031e-02 1.835608000000000031e-02
-1.098472300000000040e-01 -4.033562099999999928e-01 -4.033562099999999928e-01
7.249791999999999348e-02 -1.168770699999999996e-01 -1.168770699999999996e-01
1.520650999999999947e-02 -8.939961999999999909e-02 -5.862985999999999892e-02
-1.564704999999999915e-02 -5.860699999999999504e-04 -3.254325000000000273e-02
1.520650999999999947e-02 -5.862985999999999892e-02 -8.939961999999999909e-02
-1.564704999999999915e-02 -3.254325000000000273e-02 -5.860699999999999504e-04
1.632021000000000166e-02 -3.202213000000000281e-02 -3.202213000000000281e-02
-1.657493000000000161e-02 -1.474199999999999946e-04 -1.474199999999999946e-04
1.098472300000000040e-01 4.033562099999999928e-01 4.033562099999999928e-01
-7.249791999999999348e-02 1.168770699999999996e-01 1.168770699999999996e-01
-1.520650999999999947e-02 8.939961999999999909e-02 5.862985999999999892e-02
1.564704999999999915e-02 5.860699999999999504e-04 3.254325000000000273e-02
-1.520650999999999947e-02 5.862985999999999892e-02 8.939961999999999909e-02
1.564704999999999915e-02 3.254325000000000273e-02 5.860699999999999504e-04
-1.632021000000000166e-02 3.202213000000000281e-02 3.202213000000000281e-02
1.657493000000000161e-02 1.474199999999999946e-04 1.474199999999999946e-04
3.834549999999999764e-02 -2.571650999999999798e-01 -2.055324099999999987e-01
1.235447600000000035e-01 8.014638999999999791e-02 1.307258799999999888e-01
6.628130000000000306e-03 -3.882709000000000160e-02 -1.716463999999999837e-02
1.181593499999999963e-01 -9.376499000000000639e-02 9.482108999999999677e-02
2.374648000000000037e-02 -2.593323999999999976e-02 -2.967521000000000048e-02
3.343460000000000182e-02 -3.925225000000000242e-02 4.139571999999999696e-02
9.283589999999999551e-03 -6.300789999999999690e-03 -1.472913999999999994e-02
-7.868689999999999365e-03 9.476999999999999313e-03 1.902690000000000067e-03
4.608895999999999826e-02 1.500084999999999891e-01 1.257666799999999918e-01
-3.284964300000000059e-01 1.348559799999999864e-01 -1.347997300000000065e-01
-8.258760000000000406e-03 3.454621000000000081e-02 1.069698999999999997e-02
6.311540000000000032e-03 -8.566509999999999403e-03 -8.956699999999999948e-04
-2.402034999999999934e-02 4.965623999999999733e-02 2.589218000000000075e-02
-8.417189999999999742e-03 7.843460000000000015e-03 -4.759933999999999693e-02
-6.438290000000000159e-03 8.637989999999999904e-03 1.868258999999999892e-02
-2.204317999999999902e-02 -5.361819999999999781e-03 5.123099999999999789e-04
-6.348814999999999320e-02 -2.580412300000000103e-01 -3.099681400000000031e-01
-1.327372500000000011e-01 -8.035422999999999871e-02 -1.280138000000000109e-01
2.334038999999999905e-02 -3.847820999999999880e-02 -6.000099999999999965e-04
-1.390085600000000032e-01 6.329949999999999466e-02 -1.629733499999999891e-01
5.920990000000000107e-03 8.157050000000000758e-03 -4.737125999999999837e-02
-6.443495000000000472e-02 -3.889826999999999868e-02 -5.892391000000000295e-02
-8.672590000000000854e-03 -4.178326000000000262e-02 -3.323000999999999733e-02
7.579920000000000407e-03 9.823039999999999897e-03 1.791778999999999941e-02
1.240140500000000007e-01 1.196673099999999990e-01 1.428187499999999943e-01
1.847152999999999989e-01 1.361368500000000037e-01 3.812871500000000191e-01
7.276590000000000315e-03 6.809777000000000191e-02 9.023556000000000632e-02
-6.457919999999999806e-03 -9.052309999999999177e-03 -1.373890000000000007e-02
2.312285000000000035e-02 4.924863000000000157e-02 7.536275000000000612e-02
8.300540000000000349e-03 -2.128557999999999839e-02 3.075924999999999840e-02
-2.615123999999999921e-02 8.314039999999999972e-03 -1.457179999999999977e-03
5.668002999999999930e-02 2.514892000000000169e-02 1.789531000000000108e-02
-8.608865999999999741e-02 -1.348741599999999929e-01 -1.348741599999999929e-01
7.255517000000000216e-02 1.302456999999999920e-01 1.302456999999999920e-01
1.457986999999999998e-02 -4.650669000000000330e-02 -1.675335000000000019e-02
-1.566551999999999875e-02 4.171075999999999950e-02 1.121195999999999998e-02
1.457986999999999998e-02 -1.675335000000000019e-02 -4.650669000000000330e-02
-1.566551999999999875e-02 1.121195999999999998e-02 4.171075999999999950e-02
1.731821999999999875e-02 -1.475224999999999974e-02 -1.475224999999999974e-02
-1.704523000000000149e-02 1.835292999999999994e-02 1.835292999999999994e-02
8.468863000000000085e-02 1.409327599999999903e-01 1.409327599999999903e-01
-7.114004999999999634e-02 -1.241915100000000050e-01 -1.241915100000000050e-01
-1.471461999999999944e-02 4.218634999999999746e-02 1.139052999999999941e-02
1.581273999999999874e-02 -4.715773999999999661e-02 -1.555688000000000036e-02
-1.471461999999999944e-02 1.139052999999999941e-02 4.218634999999999746e-02
1.581273999999999874e-02 -1.555688000000000036e-02 -4.715773999999999661e-02
-1.619545000000000012e-02 1.845905000000000115e-02 1.845905000000000115e-02
1.588242999999999946e-02 -1.469747000000000067e-02 -1.469747000000000067e-02
4.901176000000000144e-02 -3.711355900000000152e-01 -3.711355900000000152e-01
-8.449186999999999670e-02 -1.276475800000000105e-01 -1.276475800000000105e-01
1.486726000000000020e-02 -3.024067000000000074e-02 -1.042479999999999926e-03
-1.510126999999999997e-02 -5.910918999999999895e-02 -8.950837000000000376e-02
1.486726000000000020e-02 -1.042479999999999926e-03 -3.024067000000000074e-02
-1.510126999999999997e-02 -8.950837000000000376e-02 -5.910918999999999895e-02
-1.696879999999999916e-02 -3.319659999999999972e-02 -3.319659999999999972e-02
1.668234000000000036e-02 1.191589999999999967e-03 1.191589999999999967e-03
8.449186999999999670e-02 1.276475800000000105e-01 1.276475800000000105e-01
-4.901176000000000144e-02 3.711355900000000152e-01 3.711355900000000152e-01
1.510126999999999997e-02 5.910918999999999895e-02 8.950837000000000376e-02
-1.486726000000000020e-02 3.024067000000000074e-02 1.042479999999999926e-03
1.510126999999999997e-02 8.950837000000000376e-02 5.910918999999999895e-02
-1.486726000000000020e-02 1.042479999999999926e-03 3.024067000000000074e-02
-1.668234000000000036e-02 -1.191589999999999967e-03 -1.191589999999999967e-03
1.696879999999999916e-02 3.319659999999999972e-02 3.319659999999999972e-02
-1.037076999999999964e-02 -2.100208100000000022e-01 -2.063011499999999887e-01
4.567199999999999776e-04 -6.174699999999999547e-04 -1.223399999999999922e-03
8.792870999999999326e-02 8.421277000000000623e-02 1.157236199999999993e-01
-9.965395999999999976e-02 1.251895299999999933e-01 9.549328999999999457e-02
-1.669329999999999902e-03 3.254500000000000231e-04 -2.971023000000000067e-02
1.023739999999999980e-03 -3.073274999999999965e-02 5.987199999999999597e-04
6.050299999999999992e-04 2.591941000000000037e-02 2.757240999999999859e-02
-3.999999999999999819e-07 1.715369999999999916e-03 1.855209999999999932e-03
9.965395999999999976e-02 9.549328999999999457e-02 1.251895299999999933e-01
-8.792870999999999326e-02 1.157236199999999993e-01 8.421277000000000623e-02
1.037076999999999964e-02 -2.063011499999999887e-01 -2.100208100000000022e-01
-4.567199999999999776e-04 -1.223399999999999922e-03 -6.174699999999999547e-04
-6.050299999999999992e-04 2.757240999999999859e-02 2.591941000000000037e-02
3.999999999999999819e-07 1.855209999999999932e-03 1.715369999999999916e-03
-1.023739999999999980e-03 5.987199999999999597e-04 -3.073274999999999965e-02
1.669329999999999902e-03 -2.971023000000000067e-02 3.254500000000000231e-04
-1.296011000000000038e-02 -3.069251100000000010e-01 -3.093631800000000154e-01
1.299280000000000096e-03 1.484121000000000051e-02 1.400118000000000022e-02
-7.252559999999999563e-02 -1.722192300000000009e-01 -1.435289700000000057e-01
5.441860999999999920e-02 -1.312822600000000117e-01 -1.635852100000000087e-01
3.029458000000000151e-02 -1.702114999999999878e-02 -4.708637999999999713e-02
-3.374458000000000318e-02 -4.876172000000000145e-02 -1.824256999999999962e-02
1.407519999999999995e-03 -7.245029999999999526e-02 -7.537301999999999891e-02
6.864500000000000159e-04 1.670991000000000143e-02 1.805901000000000034e-02
7.252559999999999563e-02 1.722192300000000009e-01 1.435289700000000057e-01
-5.441860999999999920e-02 1.312822600000000117e-01 1.635852100000000087e-01
1.296011000000000038e-02 3.069251100000000010e-01 3.093631800000000154e-01
-1.299280000000000096e-03 -1.484121000000000051e-02 -1.400118000000000022e-02
-1.407519999999999995e-03 7.245029999999999526e-02 7.537301999999999891e-02
-6.864500000000000159e-04 -1.670991000000000143e-02 -1.805901000000000034e-02
-3.029458000000000151e-02 1.702114999999999878e-02 4.708637999999999713e-02
3.374458000000000318e-02 4.876172000000000145e-02 1.824256999999999962e-02
1.226946800000000004e-01 -3.450532199999999938e-01 -1.239224599999999982e-01
-6.790599999999999935e-03 7.089589999999999781e-03 -9.871100000000000273e-04
1.380454600000000087e-01 3.320796000000000164e-02 1.149483800000000028e-01
3.578894999999999993e-02 -8.685500000000000512e-03 1.184499999999999963e-02
7.161700000000000010e-03 -8.585759999999999573e-03 -4.607645999999999964e-02
-7.206979999999999983e-03 -2.309916999999999873e-02 4.004899999999999823e-04
5.103863000000000150e-02 -2.324031999999999834e-02 2.748172999999999935e-02
9.267690000000000303e-03 -7.815040000000000528e-03 1.814013999999999904e-02
9.058169000000000637e-02 1.341327599999999898e-01 1.405434999999999879e-01
-8.031067000000000067e-02 1.091796500000000031e-01 8.486277999999999877e-02
-2.593257400000000268e-01 6.188682000000000211e-02 -2.105217000000000060e-01
-3.943503000000000286e-02 8.444719999999999310e-03 -1.518141999999999929e-02
-3.896822999999999954e-02 3.685792000000000235e-02 4.230724000000000290e-02
9.497250000000000483e-03 -7.490740000000000072e-03 1.747620000000000076e-03
-2.421724999999999919e-02 2.454022000000000148e-02 -3.079387999999999917e-02
-7.821550000000000030e-03 8.630080000000000043e-03 -1.479384000000000081e-02
-1.361395300000000086e-01 -1.847270400000000090e-01 -3.812973499999999794e-01
9.045519999999999602e-03 6.457420000000000174e-03 1.373580999999999934e-02
-1.196462600000000043e-01 -1.240033100000000055e-01 -1.428148800000000052e-01
-6.808053999999999495e-02 -7.248840000000000318e-03 -9.017933999999999672e-02
2.128820000000000018e-02 -8.318870000000000778e-03 -3.080965999999999913e-02
-2.517410000000000134e-02 -5.669408000000000086e-02 -1.790235999999999911e-02
-4.924014000000000169e-02 -2.311134000000000105e-02 -7.534752999999999590e-02
-8.315650000000000819e-03 2.614299999999999957e-02 1.461849999999999998e-03
8.036764999999999881e-02 1.327333199999999880e-01 1.280078199999999944e-01
-6.332002999999999937e-02 1.390263899999999997e-01 1.629847000000000101e-01
2.580602699999999805e-01 6.349351999999999774e-02 3.100115500000000246e-01
3.849613000000000340e-02 -2.332408999999999871e-02 6.151900000000000510e-04
3.886996999999999675e-02 6.440722000000000114e-02 5.889383000000000118e-02
-9.856649999999999787e-03 -7.585459999999999599e-03 -1.795035000000000033e-02
-8.137939999999999757e-03 -5.928830000000000384e-03 4.735858999999999902e-02
4.178310999999999831e-02 8.680989999999999540e-03 3.323212999999999862e-02
3.905391999999999891e-02 -2.091913199999999862e-01 -2.571929900000000102e-01
9.810940000000000633e-03 1.607967000000000077e-02 -1.008789000000000040e-02
1.387362199999999934e-01 8.397904000000000480e-02 6.378179000000000487e-02
3.516032999999999659e-02 4.205571000000000309e-02 -3.926546000000000203e-02
6.759189999999999990e-03 -1.574653999999999984e-02 -3.888199999999999990e-02
-6.758459999999999988e-03 -3.092955999999999830e-02 8.352780000000000621e-03
1.346575999999999884e-01 1.105617700000000037e-01 -1.079034199999999999e-01
-7.367610000000000131e-03 1.541089999999999951e-03 9.469860000000000083e-03
7.650447000000000497e-02 9.563815000000000510e-02 1.494278699999999904e-01
-9.652049000000000045e-02 9.989293000000000478e-02 1.231899399999999978e-01
-2.593519599999999925e-01 -2.067669000000000035e-01 6.141226999999999797e-02
-3.942089000000000010e-02 -1.663933000000000079e-02 8.398269999999999347e-03
-3.902374000000000120e-02 4.175036000000000025e-02 3.516531999999999991e-02
9.490020000000000053e-03 2.000029999999999863e-03 -8.150539999999999521e-03
-9.668249999999999761e-03 1.526166999999999975e-02 8.112350000000000810e-03
7.938699999999999923e-03 -2.948678000000000063e-02 -5.828139999999999883e-03
-6.278946000000000527e-02 -3.077296199999999815e-01 -2.582232099999999808e-01
-7.710859999999999936e-03 -2.153210000000000020e-03 2.282814999999999844e-02
-1.202614099999999991e-01 -1.721426799999999924e-01 -9.441070000000000018e-02
-6.741476999999999886e-02 -5.823327999999999838e-02 -3.888693000000000011e-02
2.173931999999999948e-02 -6.774100000000000347e-04 -3.845439999999999969e-02
-2.566803999999999961e-02 -4.871957999999999844e-02 -2.599672000000000094e-02
-1.226950400000000052e-01 -1.469740999999999964e-01 4.701190999999999703e-02
8.516179999999999931e-03 1.684528999999999888e-02 9.847850000000000006e-03
9.441070000000000018e-02 1.721426799999999924e-01 1.202614099999999991e-01
-4.701190999999999703e-02 1.469740999999999964e-01 1.226950400000000052e-01
2.582232099999999808e-01 3.077296199999999815e-01 6.278946000000000527e-02
3.845439999999999969e-02 6.774100000000000347e-04 -2.173931999999999948e-02
3.888693000000000011e-02 5.823327999999999838e-02 6.741476999999999886e-02
-9.847850000000000006e-03 -1.684528999999999888e-02 -8.516179999999999931e-03
-2.282814999999999844e-02 2.153210000000000020e-03 7.710859999999999936e-03
2.599672000000000094e-02 4.871957999999999844e-02 2.566803999999999961e-02
-1.173175000000000086e-02 -2.657865200000000261e-01 -2.662353399999999870e-01
6.841599999999999548e-04 5.737677000000000055e-02 5.649516000000000260e-02
-7.028802000000000660e-02 9.568949999999999678e-02 1.251792100000000130e-01
5.678152999999999673e-02 1.157962700000000067e-01 8.412148999999999321e-02
3.116166999999999895e-02 3.523900000000000057e-04 -3.006937999999999972e-02
-3.273436999999999875e-02 -2.996323999999999863e-02 4.894199999999999592e-04
4.917800000000000383e-04 -3.151241999999999932e-02 -3.149165999999999771e-02
4.176100000000000081e-04 5.995219999999999716e-02 5.960614000000000190e-02
7.028802000000000660e-02 1.251792100000000130e-01 9.568949999999999678e-02
-5.678152999999999673e-02 8.412148999999999321e-02 1.157962700000000067e-01
-6.841599999999999548e-04 5.649516000000000260e-02 5.737677000000000055e-02
1.173175000000000086e-02 -2.662353399999999870e-01 -2.657865200000000261e-01
-4.176100000000000081e-04 5.960614000000000190e-02 5.995219999999999716e-02
-4.917800000000000383e-04 -3.149165999999999771e-02 -3.151241999999999932e-02
-3.116166999999999895e-02 -3.006937999999999972e-02 3.523900000000000057e-04
3.273436999999999875e-02 4.894199999999999592e-04 -2.996323999999999863e-02
-1.225830999999999969e-02 -2.498350099999999963e-01 -2.508551099999999923e-01
1.633560000000000047e-03 -4.466637999999999858e-02 -4.247047000000000322e-02
8.579438999999999815e-02 -1.622141500000000014e-01 -1.314658900000000019e-01
-1.020787600000000045e-01 -1.432403700000000057e-01 -1.736957399999999874e-01
-2.683950000000000051e-03 -1.812652000000000013e-02 -4.797255000000000269e-02
1.103900000000000053e-04 -4.826016000000000333e-02 -1.682147999999999977e-02
9.200700000000000458e-04 -1.672676000000000024e-02 -1.524881999999999974e-02
8.331700000000000477e-04 -4.023432999999999871e-02 -4.111261000000000082e-02
1.020787600000000045e-01 1.432403700000000057e-01 1.736957399999999874e-01
-8.579438999999999815e-02 1.622141500000000014e-01 1.314658900000000019e-01
-1.633560000000000047e-03 4.466637999999999858e-02 4.247047000000000322e-02
1.225830999999999969e-02 2.498350099999999963e-01 2.508551099999999923e-01
-8.331700000000000477e-04 4.023432999999999871e-02 4.111261000000000082e-02
-9.200700000000000458e-04 1.672676000000000024e-02 1.524881999999999974e-02
-1.103900000000000053e-04 4.826016000000000333e-02 1.682147999999999977e-02
2.683950000000000051e-03 1.812652000000000013e-02 4.797255000000000269e-02
-1.938372000000000012e-02 -2.578269899999999781e-01 -2.659016100000000105e-01
1.347503200000000068e-01 -7.803889999999999438e-02 1.408017000000000019e-01
6.488473000000000157e-02 -3.862302000000000096e-02 4.152730999999999784e-02
1.081745399999999996e-01 6.336990000000000678e-02 8.375585000000000668e-02
2.316276000000000099e-02 7.867219999999999422e-03 -3.035333999999999949e-02
-2.363749000000000058e-02 -3.951143000000000016e-02 -1.591029000000000054e-02
9.758980000000000432e-03 -4.057894000000000084e-02 -1.468673000000000027e-02
5.072866000000000181e-02 9.837729999999999392e-03 5.960669999999999857e-02
7.678651999999999700e-02 1.191615000000000035e-01 9.564064999999999372e-02
-6.577848000000000028e-02 1.229718199999999956e-01 1.303061199999999975e-01
-3.974496999999999752e-02 6.638265000000000138e-02 4.222543000000000130e-02
-2.583779099999999884e-01 3.857070000000000203e-03 -2.657826500000000092e-01
9.164600000000000177e-03 4.996599000000000179e-02 6.015199000000000240e-02
-3.886835000000000290e-02 -2.219890000000000058e-02 -1.658074000000000006e-02
-3.998656999999999906e-02 8.171650000000000788e-03 -1.466853000000000080e-02
8.366369999999999710e-03 2.519265000000000046e-02 -3.013185999999999989e-02
-4.152460000000000179e-03 -2.580542699999999745e-01 -2.509481900000000154e-01
-1.225271500000000013e-01 7.778720000000000079e-02 -1.166879400000000039e-01
-3.621048000000000322e-02 -3.808349999999999930e-02 -5.806411999999999685e-02
-1.505637800000000082e-01 -9.388121000000000660e-02 -1.735041700000000131e-01
5.275460000000000045e-03 -2.577072999999999864e-02 -4.788971000000000200e-02
-8.786340000000000122e-03 -3.927154000000000061e-02 -2.766299999999999857e-04
-7.968889999999999307e-03 -7.413659999999999868e-03 -3.197691999999999896e-02
-4.971098999999999657e-02 1.004310999999999919e-02 -4.109186000000000089e-02
9.388121000000000660e-02 1.505637800000000082e-01 1.735041700000000131e-01
-7.778720000000000079e-02 1.225271500000000013e-01 1.166879400000000039e-01
3.808349999999999930e-02 3.621048000000000322e-02 5.806411999999999685e-02
2.580542699999999745e-01 4.152460000000000179e-03 2.509481900000000154e-01
-1.004310999999999919e-02 4.971098999999999657e-02 4.109186000000000089e-02
3.927154000000000061e-02 8.786340000000000122e-03 2.766299999999999857e-04
7.413659999999999868e-03 7.968889999999999307e-03 3.197691999999999896e-02
2.577072999999999864e-02 -5.275460000000000045e-03 4.788971000000000200e-02
-2.637079999999999980e-03 -2.494937399999999916e-01 -2.756530099999999761e-01
5.121781000000000250e-02 5.729050000000000115e-02 6.884920000000000102e-03
6.521117999999999360e-02 1.189516000000000011e-02 -8.657259999999999955e-03
1.078590799999999961e-01 1.151244899999999960e-01 3.227916000000000118e-02
2.313058999999999948e-02 2.591000000000000096e-05 -2.262540999999999858e-02
-2.365565999999999849e-02 -4.689825999999999717e-02 -8.639219999999999539e-03
-6.851979999999999703e-03 -3.163301000000000307e-02 -2.382193999999999978e-02
1.342890499999999931e-01 1.431928100000000037e-01 -7.623298000000000574e-02
6.118682000000000287e-02 1.101262400000000002e-01 1.339502599999999877e-01
-8.047967000000000315e-02 8.435433999999999988e-02 1.395753200000000027e-01
-3.976583999999999675e-02 4.211386000000000296e-02 6.662096000000000684e-02
-2.584395500000000179e-01 -2.662362500000000076e-01 4.653290000000000030e-03
9.171479999999999216e-03 5.999909999999999966e-02 5.073777000000000148e-02
-3.886996999999999675e-02 -1.583941999999999989e-02 -2.217801999999999968e-02
-2.468793999999999850e-02 -2.999102000000000018e-02 -5.647990000000000302e-03
2.332166999999999921e-02 1.596927999999999889e-02 8.754150000000000473e-03
-2.100538999999999878e-02 -2.662198100000000012e-01 -2.413816699999999926e-01
-4.912093000000000015e-02 -4.446167000000000175e-02 7.415579999999999741e-03
-3.651781999999999945e-02 -8.878112999999999977e-02 -7.591310000000000419e-03
-1.503033300000000128e-01 -1.426833399999999918e-01 -1.248455100000000068e-01
5.339309999999999889e-03 -1.777636999999999967e-02 -5.572230999999999712e-02
-8.779139999999999514e-03 -3.151450000000000085e-02 -7.974000000000000185e-03
8.691400000000000167e-03 -1.636487999999999832e-02 -2.322470000000000090e-02
-1.232725100000000018e-01 -1.134937399999999957e-01 8.177668999999999910e-02
1.096226299999999987e-01 1.583016299999999987e-01 1.332854599999999945e-01
-6.295589000000000046e-02 1.618799399999999999e-01 1.087290399999999990e-01
3.814091000000000009e-02 5.934586000000000028e-02 3.483117000000000157e-02
2.581738599999999773e-01 2.500879599999999980e-01 4.807660000000000058e-03
-1.004503999999999987e-02 4.008579999999999782e-02 5.019338000000000272e-02
3.926274999999999904e-02 9.939700000000000531e-04 7.288760000000000031e-03
-7.938529999999999198e-03 4.800875999999999755e-02 2.418212000000000139e-02
1.070773000000000037e-02 2.591500000000000054e-03 8.229649999999999813e-03
-2.001473999999999961e-02 -2.578776700000000033e-01 -2.655366499999999852e-01
9.120369999999999172e-03 2.327664999999999942e-02 1.529771000000000082e-02
6.463505999999999418e-02 -3.861065000000000330e-02 4.165379999999999777e-02
-6.910789999999999988e-03 -2.553361000000000172e-02 -3.046037000000000050e-02
1.486296900000000087e-01 -9.375381000000000686e-02 9.505711999999999495e-02
-2.369548999999999961e-02 -3.951680999999999944e-02 -1.661009999999999917e-02
1.236978600000000067e-01 4.857920000000000293e-02 1.002704199999999990e-01
5.002206000000000014e-02 9.836750000000000008e-03 5.982772000000000090e-02
4.655833999999999667e-02 1.194740499999999983e-01 1.256228699999999976e-01
-6.188807999999999809e-02 1.233923499999999979e-01 1.335283999999999915e-01
-8.282420000000000407e-03 6.608701000000000159e-02 1.058877000000000082e-02
-2.345641999999999866e-02 -8.533709999999999907e-03 -3.106710000000000027e-02
6.511770000000000058e-03 4.954313999999999940e-02 5.684395999999999893e-02
-8.391970000000000332e-03 -2.223653999999999908e-02 -4.691920000000000118e-02
-2.740436600000000222e-01 2.070386999999999922e-02 -2.489799600000000002e-01
-2.249156999999999892e-02 2.516977999999999924e-02 8.826100000000000351e-04
-4.783769999999999689e-03 -2.581724499999999978e-01 -2.500659700000000263e-01
-8.239639999999999465e-03 -1.073936999999999982e-02 -2.589890000000000074e-03
-3.479887999999999731e-02 -3.811197000000000196e-02 -5.932797000000000071e-02
-2.416578000000000129e-02 7.957129999999999759e-03 -4.797364999999999963e-02
-1.087454499999999935e-01 6.294916999999999874e-02 -1.619182999999999872e-01
-7.312049999999999626e-03 -3.930331000000000102e-02 -1.016079999999999935e-03
-1.332833099999999882e-01 -1.095886300000000063e-01 -1.582970300000000052e-01
-5.021240999999999899e-02 1.003728000000000085e-02 -4.010458000000000078e-02
1.248623900000000037e-01 1.502927599999999975e-01 1.426915099999999936e-01
-8.177516999999999425e-02 1.232498100000000013e-01 1.135000800000000032e-01
7.622659999999999852e-03 3.655147000000000257e-02 8.882220999999999866e-02
2.323077999999999949e-02 -8.682050000000000184e-03 1.637647999999999882e-02
-7.419750000000000130e-03 4.911186000000000024e-02 4.444929999999999715e-02
7.936560000000000489e-03 8.755999999999999894e-03 3.147285999999999834e-02
2.413813399999999998e-01 2.102495000000000058e-02 2.662201000000000151e-01
5.570247999999999866e-02 -5.332639999999999603e-03 1.776093999999999937e-02
-2.883683999999999900e-02 -2.495742800000000094e-01 -2.495742800000000094e-01
1.691062999999999941e-02 1.533786999999999998e-02 1.533786999999999998e-02
1.513233999999999933e-02 1.153727000000000051e-02 4.125217999999999940e-02
-1.610684999999999895e-02 -1.652516999999999875e-02 -4.699881000000000197e-02
1.513233999999999933e-02 4.125217999999999940e-02 1.153727000000000051e-02
-1.610684999999999895e-02 -4.699881000000000197e-02 -1.652516999999999875e-02
7.233905999999999670e-02 9.957323999999999342e-02 9.957323999999999342e-02
-8.558190000000000242e-02 1.433292899999999981e-01 1.433292899999999981e-01
8.485454000000000607e-02 1.108213599999999938e-01 1.108213599999999938e-01
-7.159579000000000637e-02 1.333839800000000131e-01 1.333839800000000131e-01
1.526145999999999926e-02 4.250359000000000081e-02 1.083461999999999967e-02
-1.438863999999999942e-02 -4.670176000000000188e-02 -1.582607999999999931e-02
1.526145999999999926e-02 1.083461999999999967e-02 4.250359000000000081e-02
-1.438863999999999942e-02 -1.582607999999999931e-02 -4.670176000000000188e-02
-4.226220000000000150e-03 -2.489609000000000127e-01 -2.489609000000000127e-01
1.633990000000000095e-02 1.601361000000000104e-02 1.601361000000000104e-02
3.935609999999999976e-03 -2.663147900000000234e-01 -2.663147900000000234e-01
-1.613281000000000090e-02 -2.550000000000000183e-03 -2.550000000000000183e-03
1.485603999999999918e-02 -8.857260000000000133e-02 -5.899569999999999814e-02
-1.536808999999999918e-02 -1.001619999999999941e-03 -3.135944999999999705e-02
1.485603999999999918e-02 -5.899569999999999814e-02 -8.857260000000000133e-02
-1.536808999999999918e-02 -3.135944999999999705e-02 -1.001619999999999941e-03
-8.480877000000000554e-02 -1.576629099999999895e-01 -1.576629099999999895e-01
7.235911999999999900e-02 -1.136401900000000020e-01 -1.136401900000000020e-01
8.480877000000000554e-02 1.576629099999999895e-01 1.576629099999999895e-01
-7.235911999999999900e-02 1.136401900000000020e-01 1.136401900000000020e-01
-1.485603999999999918e-02 5.899569999999999814e-02 8.857260000000000133e-02
1.536808999999999918e-02 3.135944999999999705e-02 1.001619999999999941e-03
-1.485603999999999918e-02 8.857260000000000133e-02 5.899569999999999814e-02
1.536808999999999918e-02 1.001619999999999941e-03 3.135944999999999705e-02
-3.935609999999999976e-03 2.663147900000000234e-01 2.663147900000000234e-01
1.613281000000000090e-02 2.550000000000000183e-03 2.550000000000000183e-03
-3.574390000000000206e-03 -2.412927699999999898e-01 -2.487649299999999952e-01
-7.160599999999999604e-03 6.790169999999999886e-03 -2.525499999999999859e-04
2.381791000000000116e-02 -5.577341000000000243e-02 6.819400000000000201e-04
3.551924000000000053e-02 -7.489159999999999914e-03 1.063619000000000023e-02
7.425519999999999690e-03 -8.473029999999999451e-03 -4.675929999999999670e-02
1.186482400000000020e-01 -1.249159400000000031e-01 1.263009400000000004e-01
5.084491000000000011e-02 -2.248367999999999894e-02 2.763757000000000019e-02
1.235270299999999960e-01 8.141004000000000296e-02 1.332886199999999965e-01
9.498639999999999861e-02 1.341330599999999984e-01 1.434511499999999995e-01
-1.104808000000000040e-01 1.085563400000000012e-01 1.144995099999999988e-01
-2.476623000000000019e-02 4.968888999999999945e-02 2.554713000000000123e-02
-8.555170000000000829e-03 7.713399999999999597e-03 -4.689429999999999987e-02
-9.298960000000000212e-03 3.462321000000000148e-02 1.179414999999999977e-02
6.550150000000000243e-03 -8.285270000000000828e-03 -1.721050000000000010e-03
-5.568917000000000311e-02 2.460274000000000141e-02 2.552799999999999818e-04
-2.417940699999999998e-01 2.119539999999999966e-02 -2.497003200000000034e-01
-2.140533000000000019e-02 -2.758686000000000194e-01 -2.682822200000000157e-01
7.974820000000000519e-03 6.824929999999999886e-03 1.438709999999999989e-02
5.973949999999999573e-03 -2.250606999999999955e-02 -1.712937000000000140e-02
-6.676885000000000459e-02 -8.404780000000000584e-03 -9.037143999999999733e-02
2.246344000000000118e-02 -8.419849999999999557e-03 -3.152884999999999716e-02
-1.397272200000000131e-01 3.227497000000000005e-02 -1.324847600000000070e-01
-5.048081000000000096e-02 -2.394562000000000079e-02 -7.456688000000000205e-02
-1.339080199999999887e-01 -7.583299000000000289e-02 -1.250146799999999891e-01
7.583299000000000289e-02 1.339080199999999887e-01 1.250146799999999891e-01
-3.227497000000000005e-02 1.397272200000000131e-01 1.324847600000000070e-01
2.394562000000000079e-02 5.048081000000000096e-02 7.456688000000000205e-02
8.419849999999999557e-03 -2.246344000000000118e-02 3.152884999999999716e-02
8.404780000000000584e-03 6.676885000000000459e-02 9.037143999999999733e-02
-6.824929999999999886e-03 -7.974820000000000519e-03 -1.438709999999999989e-02
2.250606999999999955e-02 -5.973949999999999573e-03 1.712937000000000140e-02
2.758686000000000194e-01 2.140533000000000019e-02 2.682822200000000157e-01
4.252650000000000180e-03 -2.489463799999999949e-01 -2.489463799999999949e-01
-1.636429000000000009e-02 1.597151999999999947e-02 1.597151999999999947e-02
1.438813000000000071e-02 -4.670160999999999757e-02 -1.582418000000000019e-02
-1.527299000000000018e-02 4.251523000000000108e-02 1.083762999999999914e-02
1.438813000000000071e-02 -1.582418000000000019e-02 -4.670160999999999757e-02
-1.527299000000000018e-02 1.083762999999999914e-02 4.251523000000000108e-02
-8.482752999999999821e-02 1.108694900000000011e-01 1.108694900000000011e-01
7.158259999999999623e-02 1.333671600000000124e-01 1.333671600000000124e-01
8.558677000000000645e-02 1.433041999999999927e-01 1.433041999999999927e-01
-7.234432999999999836e-02 9.955558000000000463e-02 9.955558000000000463e-02
-1.510029000000000059e-02 1.156586000000000072e-02 4.128185999999999661e-02
1.608257999999999910e-02 -1.655817999999999873e-02 -4.703612000000000071e-02
-1.510029000000000059e-02 4.128185999999999661e-02 1.156586000000000072e-02
1.608257999999999910e-02 -4.703612000000000071e-02 -1.655817999999999873e-02
-1.690764999999999976e-02 1.535228999999999934e-02 1.535228999999999934e-02
2.882689000000000085e-02 -2.495543400000000134e-01 -2.495543400000000134e-01
-2.930417999999999912e-02 -2.681858200000000192e-01 -2.681858200000000192e-01
1.709161999999999834e-02 -1.962300000000000155e-03 -1.962300000000000155e-03
1.502700000000000043e-02 -3.161194999999999977e-02 -5.713200000000000526e-04
-1.559371000000000021e-02 -5.879639999999999866e-02 -9.057916000000000578e-02
1.502700000000000043e-02 -5.713200000000000526e-04 -3.161194999999999977e-02
-1.559371000000000021e-02 -9.057916000000000578e-02 -5.879639999999999866e-02
7.242714000000000096e-02 -1.475057499999999910e-01 -1.475057499999999910e-01
-8.483757999999999577e-02 -1.251363799999999915e-01 -1.251363799999999915e-01
8.483757999999999577e-02 1.251363799999999915e-01 1.251363799999999915e-01
-7.242714000000000096e-02 1.475057499999999910e-01 1.475057499999999910e-01
1.559371000000000021e-02 9.057916000000000578e-02 5.879639999999999866e-02
-1.502700000000000043e-02 5.713200000000000526e-04 3.161194999999999977e-02
1.559371000000000021e-02 5.879639999999999866e-02 9.057916000000000578e-02
-1.502700000000000043e-02 3.161194999999999977e-02 5.713200000000000526e-04
-1.709161999999999834e-02 1.962300000000000155e-03 1.962300000000000155e-03
2.930417999999999912e-02 2.681858200000000192e-01 2.681858200000000192e-01
